# LOGIN
""" Topic:
 events/1//api/anon//
 Payload:
 rp(binary_to_term(<<131, 104, 15, 100, 0, 4, 65, 117, 116, 104, 109, 0, 0, 0, 40, 114, 101, 103, 95, 50, 51, 52, 66, 68, 48, 56, 52, 45, 53, 56, 56, 51, 45, 52, 69, 56, 57, 45, 66, 56, 54, 65, 45, 57, 55, 51, 48, 53, 69, 57, 48, 51, 48, 48, 55, 109, 0, 0, 0, 36, 50, 51, 52, 66, 68, 48, 56, 52, 45, 53, 56, 56, 51, 45, 52, 69, 56, 57, 45, 66, 56, 54, 65, 45, 57, 55, 51, 48, 53, 69, 57, 48, 51, 48, 48, 55, 106, 109, 0, 0, 0, 13, 56, 54, 49, 51, 55, 55, 55, 51, 50, 50, 52, 53, 53, 106, 100, 0, 3, 114, 101, 103, 106, 106, 106, 108, 0, 0, 0, 3, 104, 5, 100, 0, 7, 70, 101, 97, 116, 117, 114, 101, 109, 0, 0, 0, 69, 50, 51, 52, 66, 68, 48, 56, 52, 45, 53, 56, 56, 51, 45, 52, 69, 56, 57, 45, 66, 56, 54, 65, 45, 57, 55, 51, 48, 53, 69, 57, 48, 51, 48, 48, 55, 95, 51, 56, 48, 57, 51, 53, 57, 52, 48, 55, 52, 49, 95, 52, 54, 49, 95, 49, 53, 50, 52, 52, 56, 48, 56, 57, 54, 48, 48, 52, 56, 54, 109, 0, 0, 0, 10, 65, 112, 112, 86, 101, 114, 115, 105, 111, 110, 109, 0, 0, 0, 6, 48, 46, 50, 46, 57, 50, 109, 0, 0, 0, 9, 65, 85, 84, 72, 95, 68, 65, 84, 65, 104, 5, 100, 0, 7, 70, 101, 97, 116, 117, 114, 101, 109, 0, 0, 0, 69, 50, 51, 52, 66, 68, 48, 56, 52, 45, 53, 56, 56, 51, 45, 52, 69, 56, 57, 45, 66, 56, 54, 65, 45, 57, 55, 51, 48, 53, 69, 57, 48, 51, 48, 48, 55, 95, 51, 56, 48, 57, 51, 53, 57, 52, 48, 55, 52, 49, 95, 52, 54, 49, 95, 49, 53, 50, 52, 52, 56, 48, 56, 57, 54, 48, 48, 55, 52, 53, 109, 0, 0, 0, 2, 79, 83, 109, 0, 0, 0, 8, 105, 79, 83, 32, 49, 49, 46, 51, 109, 0, 0, 0, 9, 65, 85, 84, 72, 95, 68, 65, 84, 65, 104, 5, 100, 0, 7, 70, 101, 97, 116, 117, 114, 101, 109, 0, 0, 0, 69, 50, 51, 52, 66, 68, 48, 56, 52, 45, 53, 56, 56, 51, 45, 52, 69, 56, 57, 45, 66, 56, 54, 65, 45, 57, 55, 51, 48, 53, 69, 57, 48, 51, 48, 48, 55, 95, 51, 56, 48, 57, 51, 53, 57, 52, 48, 55, 52, 49, 95, 52, 54, 49, 95, 49, 53, 50, 52, 52, 56, 48, 56, 57, 54, 48, 48, 56, 53, 53, 109, 0, 0, 0, 11, 68, 101, 118, 105, 99, 101, 77, 111, 100, 101, 108, 109, 0, 0, 0, 17, 115, 105, 109, 117, 108, 97, 116, 111, 114, 47, 115, 97, 110, 100, 98, 111, 120, 109, 0, 0, 0, 9, 65, 85, 84, 72, 95, 68, 65, 84, 65, 106, 106, 106, 106, 106>>)).
 {Auth,reg_234BD084-5883-4E89-B86A-97305E903007,234BD084-5883-4E89-B86A-97305E903007,NIL,8613777322455,NIL,reg,NIL,NIL,NIL,{{Feature,234BD084-5883-4E89-B86A-97305E903007_380935940741_461_152448089600486,AppVersion,0.2.92,AUTH_DATA},{Feature,234BD084-5883-4E89-B86A-97305E903007_380935940741_461_152448089600745,OS,iOS 11.3,AUTH_DATA},{Feature,234BD084-5883-4E89-B86A-97305E903007_380935940741_461_152448089600855,DeviceModel,simulator/sandbox,AUTH_DATA}},NIL,NIL,NIL,NIL} """

# SMS
""" Topic: 
 events/1//api/anon// 
 Payload: 
 rp(binary_to_term(<<131, 104, 15, 100, 0, 4, 65, 117, 116, 104, 106, 109, 0, 0, 0, 36, 50, 51, 52, 66, 68, 48, 56, 52, 45, 53, 56, 56, 51, 45, 52, 69, 56, 57, 45, 66, 56, 54, 65, 45, 57, 55, 51, 48, 53, 69, 57, 48, 51, 48, 48, 55, 106, 109, 0, 0, 0, 13, 56, 54, 49, 51, 55, 55, 55, 51, 50, 50, 52, 53, 53, 106, 100, 0, 6, 118, 101, 114, 105, 102, 121, 109, 0, 0, 0, 6, 57, 48, 51, 49, 56, 50, 106, 106, 106, 106, 106, 106, 106>>)). 
 {Auth,NIL,234BD084-5883-4E89-B86A-97305E903007,NIL,8613777322455,NIL,verify,903182,NIL,NIL,NIL,NIL,NIL,NIL,NIL} """

# USERNAME
""" Topic: 
 events/1//api/anon// 
 Payload: 
 rp(binary_to_term(<<131, 104, 14, 100, 0, 6, 82, 111, 115, 116, 101, 114, 98, 0, 0, 1, 200, 106, 106, 106, 109, 0, 0, 0, 2, 67, 72, 106, 106, 106, 106, 106, 106, 106, 100, 0, 4, 110, 105, 99, 107>>)). 
 {Roster,456,NIL,NIL,NIL,CH,NIL,NIL,NIL,NIL,NIL,NIL,NIL,nick} """

# LOGOUT
""" Topic: 
 events/1//api/anon// 
 Payload: 
 rp(binary_to_term(<<131, 104, 15, 100, 0, 4, 65, 117, 116, 104, 106, 109, 0, 0, 0, 36, 50, 51, 52, 66, 68, 48, 56, 52, 45, 53, 56, 56, 51, 45, 52, 69, 56, 57, 45, 66, 56, 54, 65, 45, 57, 55, 51, 48, 53, 69, 57, 48, 51, 48, 48, 55, 109, 0, 0, 0, 13, 56, 54, 49, 51, 55, 55, 55, 51, 50, 50, 52, 53, 53, 106, 109, 0, 0, 0, 192, 54, 51, 102, 49, 53, 97, 48, 51, 53, 48, 48, 99, 55, 52, 51, 54, 49, 48, 102, 101, 50, 51, 56, 99, 48, 102, 98, 51, 53, 55, 53, 57, 55, 52, 100, 100, 101, 49, 52, 48, 102, 100, 57, 55, 100, 53, 57, 57, 57, 51, 52, 53, 98, 53, 98, 53, 50, 50, 49, 50, 52, 102, 51, 49, 49, 98, 50, 54, 48, 49, 102, 101, 53, 53, 50, 102, 49, 100, 54, 56, 102, 56, 48, 49, 50, 57, 49, 50, 51, 52, 99, 50, 56, 99, 100, 98, 52, 50, 51, 101, 52, 97, 97, 53, 97, 97, 98, 55, 100, 51, 51, 57, 49, 53, 51, 56, 101, 50, 48, 53, 98, 51, 50, 99, 53, 52, 54, 102, 99, 48, 53, 102, 100, 97, 56, 50, 48, 101, 53, 54, 97, 55, 56, 102, 55, 53, 53, 57, 99, 99, 48, 54, 52, 50, 99, 97, 101, 99, 102, 49, 55, 48, 99, 50, 101, 54, 49, 48, 100, 100, 49, 56, 54, 99, 100, 53, 55, 53, 102, 49, 102, 98, 50, 98, 101, 51, 52, 53, 52, 102, 53, 100, 100, 0, 6, 108, 111, 103, 111, 117, 116, 106, 106, 106, 106, 106, 106, 106, 106>>)). 
 {Auth,NIL,234BD084-5883-4E89-B86A-97305E903007,8613777322455,NIL,63f15a03500c743610fe238c0fb3575974dde140fd97d5999345b5b522124f311b2601fe552f1d68f801291234c28cdb423e4aa5aab7d3391538e205b32c546fc05fda820e56a78f7559cc0642caecf170c2e610dd186cd575f1fb2be3454f5d,logout,NIL,NIL,NIL,NIL,NIL,NIL,NIL,NIL} """

# Search and send friend request
"""//////////////////////////SENT////////////////////////// 
 Topic: 
 events/1//api/anon// 
 Payload: 
 rp(binary_to_term(<<131, 104, 7, 100, 0, 6, 83, 101, 97, 114, 99, 104, 98, 0, 0, 1, 193, 109, 0, 0, 0, 5, 112, 104, 111, 110, 101, 109, 0, 0, 0, 5, 112, 104, 111, 110, 101, 100, 0, 2, 61, 61, 108, 0, 0, 0, 1, 109, 0, 0, 0, 13, 56, 54, 49, 51, 55, 55, 55, 51, 50, 50, 52, 53, 53, 106, 100, 0, 7, 99, 111, 110, 116, 97, 99, 116>>)). 
 {Search,449,phone,phone,==,{8613777322455},contact} 
 
 //////////////////////////SENT////////////////////////// 


 //////////////////////////RECEIVED////////////////////////// 
 Topic: 
 actions/1/api/emqttd_48C2AA57-65E8-4184-937A-847A554D005F 
 Payload: 
 rp(binary_to_term(<<131, 104, 3, 100, 0, 2, 105, 111, 104, 2, 100, 0, 2, 111, 107, 109, 0, 0, 0, 5, 112, 104, 111, 110, 101, 104, 14, 100, 0, 6, 82, 111, 115, 116, 101, 114, 98, 0, 0, 1, 193, 106, 106, 106, 106, 108, 0, 0, 0, 1, 104, 16, 100, 0, 7, 67, 111, 110, 116, 97, 99, 116, 109, 0, 0, 0, 17, 56, 54, 49, 51, 55, 55, 55, 51, 50, 50, 52, 53, 53, 95, 52, 51, 54, 109, 0, 0, 0, 80, 104, 116, 116, 112, 115, 58, 47, 47, 115, 51, 45, 117, 115, 45, 119, 101, 115, 116, 45, 50, 46, 97, 109, 97, 122, 111, 110, 97, 119, 115, 46, 99, 111, 109, 47, 110, 121, 110, 106, 97, 45, 100, 101, 102, 97, 117, 108, 116, 115, 47, 73, 109, 97, 103, 101, 95, 49, 53, 50, 57, 48, 56, 51, 49, 48, 49, 49, 53, 50, 57, 48, 56, 51, 49, 48, 49, 46, 106, 112, 103, 109, 0, 0, 0, 5, 83, 111, 114, 103, 111, 109, 0, 0, 0, 2, 84, 115, 106, 106, 106, 97, 0, 97, 0, 106, 97, 0, 97, 0, 106, 100, 0, 7, 111, 102, 102, 108, 105, 110, 101, 106, 106, 106, 106, 106, 106, 106, 97, 0, 100, 0, 7, 99, 111, 110, 116, 97, 99, 116>>)). 
 {io,{ok,phone},{Roster,449,NIL,NIL,NIL,NIL,{{Contact,8613777322455_436,https://s3-us-west-2.amazonaws.com/nynja-defaults/Image_15290831011529083101.jpg,Sorgo,Ts,NIL,NIL,NIL,0,0,NIL,0,0,NIL,offline,NIL}},NIL,NIL,NIL,NIL,NIL,0,contact}} 
 
 //////////////////////////RECEIVED////////////////////////// 

 Запрос дружбы от 12566018988_449 к 8613777322455_436
//////////////////////////SENT////////////////////////// 
 Topic: 
 events/1//api/anon// 
 Payload: 
 rp(binary_to_term(<<131, 104, 5, 100, 0, 6, 70, 114, 105, 101, 110, 100, 109, 0, 0, 0, 15, 49, 50, 53, 54, 54, 48, 49, 56, 57, 56, 56, 95, 52, 52, 57, 109, 0, 0, 0, 17, 56, 54, 49, 51, 55, 55, 55, 51, 50, 50, 52, 53, 53, 95, 52, 51, 54, 106, 100, 0, 7, 114, 101, 113, 117, 101, 115, 116>>)). 
 {Friend,12566018988_449,8613777322455_436,NIL,request} 
 
 //////////////////////////SENT////////////////////////// 


 //////////////////////////RECEIVED////////////////////////// 
 Topic: 
 ses/12566018988 
 Payload: 
 rp(binary_to_term(<<131, 104, 16, 100, 0, 7, 67, 111, 110, 116, 97, 99, 116, 109, 0, 0, 0, 17, 56, 54, 49, 51, 55, 55, 55, 51, 50, 50, 52, 53, 53, 95, 52, 51, 54, 109, 0, 0, 0, 80, 104, 116, 116, 112, 115, 58, 47, 47, 115, 51, 45, 117, 115, 45, 119, 101, 115, 116, 45, 50, 46, 97, 109, 97, 122, 111, 110, 97, 119, 115, 46, 99, 111, 109, 47, 110, 121, 110, 106, 97, 45, 100, 101, 102, 97, 117, 108, 116, 115, 47, 73, 109, 97, 103, 101, 95, 49, 53, 50, 57, 48, 56, 51, 49, 48, 49, 49, 53, 50, 57, 48, 56, 51, 49, 48, 49, 46, 106, 112, 103, 109, 0, 0, 0, 5, 83, 111, 114, 103, 111, 109, 0, 0, 0, 2, 84, 115, 106, 106, 106, 97, 0, 97, 0, 106, 110, 6, 0, 81, 92, 132, 51, 100, 1, 110, 6, 0, 203, 254, 134, 51, 100, 1, 106, 100, 0, 7, 111, 102, 102, 108, 105, 110, 101, 100, 0, 7, 114, 101, 113, 117, 101, 115, 116>>)). 
 {Contact,8613777322455_436,https://s3-us-west-2.amazonaws.com/nynja-defaults/Image_15290831011529083101.jpg,Sorgo,Ts,NIL,NIL,NIL,0,0,NIL,1529872669777,1529872842443,NIL,offline,request} 
 
 //////////////////////////RECEIVED////////////////////////// 
 
 
 Подтверждение дружбы пользователем 8613777322455_436
  //////////////////////////SENT////////////////////////// 
 Topic: 
 events/1//api/anon// 
 Payload: 
 rp(binary_to_term(<<131, 104, 5, 100, 0, 6, 70, 114, 105, 101, 110, 100, 109, 0, 0, 0, 17, 56, 54, 49, 51, 55, 55, 55, 51, 50, 50, 52, 53, 53, 95, 52, 51, 54, 109, 0, 0, 0, 15, 49, 50, 53, 54, 54, 48, 49, 56, 57, 56, 56, 95, 52, 52, 57, 106, 100, 0, 7, 99, 111, 110, 102, 105, 114, 109>>)). 
 {Friend,8613777322455_436,12566018988_449,NIL,confirm} 
 
 //////////////////////////SENT////////////////////////// 


 //////////////////////////RECEIVED////////////////////////// 
 Topic: 
 ses/8613777322455 
 Payload: 
 rp(binary_to_term(<<131, 104, 16, 100, 0, 7, 67, 111, 110, 116, 97, 99, 116, 109, 0, 0, 0, 15, 49, 50, 53, 54, 54, 48, 49, 56, 57, 56, 56, 95, 52, 52, 57, 106, 109, 0, 0, 0, 4, 71, 104, 100, 109, 109, 0, 0, 0, 0, 106, 106, 109, 0, 0, 0, 0, 98, 0, 0, 10, 128, 97, 1, 104, 17, 100, 0, 7, 77, 101, 115, 115, 97, 103, 101, 98, 0, 0, 71, 74, 100, 0, 5, 99, 104, 97, 105, 110, 104, 3, 100, 0, 3, 112, 50, 112, 109, 0, 0, 0, 15, 49, 50, 53, 54, 54, 48, 49, 56, 57, 56, 56, 95, 52, 52, 57, 109, 0, 0, 0, 17, 56, 54, 49, 51, 55, 55, 55, 51, 50, 50, 52, 53, 53, 95, 52, 51, 54, 106, 106, 106, 109, 0, 0, 0, 17, 56, 54, 49, 51, 55, 55, 55, 51, 50, 50, 52, 53, 53, 95, 52, 51, 54, 109, 0, 0, 0, 15, 49, 50, 53, 54, 54, 48, 49, 56, 57, 56, 56, 95, 52, 52, 57, 110, 6, 0, 157, 138, 139, 51, 100, 1, 108, 0, 0, 0, 1, 104, 7, 100, 0, 4, 68, 101, 115, 99, 109, 0, 0, 0, 9, 115, 114, 118, 95, 49, 56, 50, 53, 48, 109, 0, 0, 0, 4, 116, 101, 120, 116, 109, 0, 0, 0, 0, 97, 0, 106, 106, 106, 108, 0, 0, 0, 1, 100, 0, 3, 115, 121, 115, 106, 106, 106, 106, 106, 106, 110, 6, 0, 72, 199, 136, 51, 100, 1, 110, 6, 0, 158, 138, 139, 51, 100, 1, 106, 100, 0, 7, 111, 102, 102, 108, 105, 110, 101, 100, 0, 6, 102, 114, 105, 101, 110, 100>>)). 
 {Contact,12566018988_449,NIL,Ghdm,,NIL,NIL,,2688,1,{Message,18250,chain,{p2p,12566018988_449,8613777322455_436},NIL,NIL,NIL,8613777322455_436,12566018988_449,1529873140381,{{Desc,srv_18250,text,,0,NIL,NIL}},{sys},NIL,NIL,NIL,NIL,NIL},1529872959304,1529873140382,NIL,offline,friend} 
 
 //////////////////////////RECEIVED////////////////////////// 


 //////////////////////////RECEIVED////////////////////////// 
 Topic: 
 actions/1/api/emqttd_48C2AA57-65E8-4184-937A-847A554D005F 
 Payload: 
 rp(binary_to_term(<<131, 104, 3, 100, 0, 2, 105, 111, 104, 2, 100, 0, 2, 111, 107, 100, 0, 5, 97, 100, 100, 101, 100, 104, 2, 100, 0, 2, 111, 107, 100, 0, 5, 97, 100, 100, 101, 100>>)). 
 {io,{ok,added},{ok,added}} 
 
 //////////////////////////RECEIVED////////////////////////// 

 """

"""
PROFILE

//////////////////////////RECEIVED////////////////////////// 
 Topic: 
 actions/1/api/emqttd_4024BC80-48DD-4C39-81BD-DA266BDCBB5E 
 Payload: 
 rp(binary_to_term(<<131, 104, 9, 100, 0, 7, 80, 114, 111, 102, 105, 108, 101, 109, 0, 0, 0, 13, 56, 54, 49, 51, 55, 55, 55, 51, 50, 50, 52, 53, 53, 108, 0, 0, 0, 1, 104, 8, 100, 0, 7, 83, 101, 114, 118, 105, 99, 101, 109, 0, 0, 0, 6, 49, 57, 52, 51, 55, 51, 100, 0, 3, 118, 111, 120, 106, 109, 0, 0, 0, 22, 85, 115, 101, 114, 56, 54, 49, 51, 55, 55, 55, 51, 50, 50, 52, 53, 53, 45, 55, 116, 118, 97, 109, 0, 0, 0, 8, 51, 117, 57, 98, 106, 108, 119, 49, 106, 100, 0, 5, 97, 100, 100, 101, 100, 106, 108, 0, 0, 0, 1, 104, 14, 100, 0, 6, 82, 111, 115, 116, 101, 114, 98, 0, 0, 2, 107, 106, 106, 106, 106, 108, 0, 0, 0, 1, 104, 16, 100, 0, 7, 67, 111, 110, 116, 97, 99, 116, 109, 0, 0, 0, 17, 56, 54, 49, 51, 55, 55, 55, 51, 50, 50, 52, 53, 53, 95, 54, 49, 57, 106, 106, 106, 106, 106, 106, 106, 97, 0, 109, 0, 0, 0, 0, 110, 6, 0, 219, 223, 14, 207, 99, 1, 97, 0, 106, 100, 0, 6, 111, 110, 108, 105, 110, 101, 100, 0, 6, 102, 114, 105, 101, 110, 100, 106, 106, 106, 106, 109, 0, 0, 0, 13, 56, 54, 49, 51, 55, 55, 55, 51, 50, 50, 52, 53, 53, 106, 97, 0, 106, 106, 106, 110, 6, 0, 219, 223, 14, 207, 99, 1, 97, 0, 100, 0, 6, 111, 110, 108, 105, 110, 101, 100, 0, 4, 105, 110, 105, 116>>)). 
 {Profile,8613777322455,{{Service,194373,vox,NIL,User8613777322455-7tva,3u9bjlw1,NIL,added}},{{Roster,619,NIL,NIL,NIL,NIL,{{Contact,8613777322455_619,NIL,NIL,NIL,NIL,NIL,NIL,NIL,0,,1528187248603,0,NIL,online,friend}},NIL,NIL,NIL,8613777322455,NIL,0,NIL}},NIL,1528187248603,0,online,init} 
 
 //////////////////////////RECEIVED//////////////////////////




РЕГИСТРАЦИЯ

 //////////////////////////SENT////////////////////////// 
 Topic: 
 events/1//api/anon// 
 Payload: 
 rp(binary_to_term(<<131, 104, 14, 100, 0, 6, 82, 111, 115, 116, 101, 114, 98, 0, 0, 2, 107, 109, 0, 0, 0, 5, 67, 104, 105, 110, 97, 109, 0, 0, 0, 8, 65, 117, 116, 111, 116, 101, 115, 116, 106, 106, 106, 106, 106, 106, 106, 106, 106, 100, 0, 5, 112, 97, 116, 99, 104>>)). 
 {Roster,619,China,Autotest,NIL,NIL,NIL,NIL,NIL,NIL,NIL,NIL,NIL,patch} 
 
 //////////////////////////SENT////////////////////////// 


 //////////////////////////RECEIVED////////////////////////// 
 Topic: 
 ses/8613777322455 
 Payload: 
 rp(binary_to_term(<<131, 104, 14, 100, 0, 6, 82, 111, 115, 116, 101, 114, 98, 0, 0, 2, 107, 109, 0, 0, 0, 5, 67, 104, 105, 110, 97, 109, 0, 0, 0, 8, 65, 117, 116, 111, 116, 101, 115, 116, 106, 106, 108, 0, 0, 0, 1, 104, 16, 100, 0, 7, 67, 111, 110, 116, 97, 99, 116, 109, 0, 0, 0, 17, 56, 54, 49, 51, 55, 55, 55, 51, 50, 50, 52, 53, 53, 95, 54, 49, 57, 106, 109, 0, 0, 0, 5, 67, 104, 105, 110, 97, 109, 0, 0, 0, 8, 65, 117, 116, 111, 116, 101, 115, 116, 106, 106, 109, 0, 0, 0, 22, 85, 115, 101, 114, 56, 54, 49, 51, 55, 55, 55, 51, 50, 50, 52, 53, 53, 45, 55, 116, 118, 97, 97, 0, 97, 0, 106, 97, 0, 97, 0, 106, 100, 0, 6, 111, 110, 108, 105, 110, 101, 100, 0, 6, 102, 114, 105, 101, 110, 100, 106, 106, 106, 106, 109, 0, 0, 0, 13, 56, 54, 49, 51, 55, 55, 55, 51, 50, 50, 52, 53, 53, 106, 110, 6, 0, 6, 172, 15, 207, 99, 1, 100, 0, 5, 112, 97, 116, 99, 104>>)). 
 {Roster,619,China,Autotest,NIL,NIL,{{Contact,8613777322455_619,NIL,China,Autotest,NIL,NIL,User8613777322455-7tva,0,0,NIL,0,0,NIL,online,friend}},NIL,NIL,NIL,8613777322455,NIL,1528187300870,patch} 
 """


"""
DELETE

 //////////////////////////SENT////////////////////////// 
 Topic: 
 events/1//api/anon// 
 Payload: 
 rp(binary_to_term(<<131, 104, 9, 100, 0, 7, 80, 114, 111, 102, 105, 108, 101, 109, 0, 0, 0, 13, 56, 54, 49, 51, 55, 55, 55, 51, 50, 50, 52, 53, 53, 106, 106, 106, 106, 106, 106, 100, 0, 6, 114, 101, 109, 111, 118, 101>>)). 
 {Profile,8613777322455,NIL,NIL,NIL,NIL,NIL,NIL,remove} 
 
 //////////////////////////SENT////////////////////////// 


 //////////////////////////RECEIVED////////////////////////// 
 Topic: 
 actions/1/api/emqttd_73327D27-DFC5-46A2-BF50-7CABCD7F4478 
 Payload: 
 rp(binary_to_term(<<131, 104, 9, 100, 0, 7, 80, 114, 111, 102, 105, 108, 101, 109, 0, 0, 0, 13, 56, 54, 49, 51, 55, 55, 55, 51, 50, 50, 52, 53, 53, 106, 106, 106, 97, 0, 97, 0, 106, 100, 0, 6, 114, 101, 109, 111, 118, 101>>)). 
 {Profile,8613777322455,NIL,NIL,NIL,0,0,NIL,remove} 
 
 //////////////////////////RECEIVED////////////////////////// 
  """

  онлайн получение реквеста в друзья
 //////////////////////////RECEIVED//////////////////////////
 Topic:
 ses/8613777322455
 Payload:
 rp(binary_to_term(<<131, 104, 16, 100, 0, 7, 67, 111, 110, 116, 97, 99, 116, 109, 0, 0, 0, 15, 49, 50, 53, 54, 54, 48, 49, 56, 57, 56, 56, 95, 52, 50, 49, 106, 109, 0, 0, 0, 7, 65, 109, 101, 114, 105, 99, 97, 109, 0, 0, 0, 8, 65, 117, 116, 111, 116, 101, 115, 116, 109, 0, 0, 0, 2, 85, 83, 106, 109, 0, 0, 0, 20, 85, 115, 101, 114, 49, 50, 53, 54, 54, 48, 49, 56, 57, 56, 56, 45, 104, 107, 112, 117, 97, 0, 97, 0, 106, 110, 6, 0, 76, 115, 236, 53, 100, 1, 110, 6, 0, 223, 16, 237, 53, 100, 1, 106, 100, 0, 6, 111, 110, 108, 105, 110, 101, 100, 0, 13, 97, 117, 116, 104, 111, 114, 105, 122, 97, 116, 105, 111, 110>>)).
 {Contact,12566018988_421,NIL,America,Autotest,US,NIL,User12566018988-hkpu,0,0,NIL,1529913045836,1529913086175,NIL,online,authorization}

 //////////////////////////RECEIVED//////////////////////////

  //////////////////////////SENT//////////////////////////
 Topic:
 events/1//api/anon//
 Payload:
 rp(binary_to_term(<<131, 104, 7, 100, 0, 7, 72, 105, 115, 116, 111, 114, 121, 109, 0, 0, 0, 17, 56, 54, 49, 51, 55, 55, 55, 51, 50, 50, 52, 53, 53, 95, 53, 49, 56, 104, 3, 100, 0, 3, 97, 99, 116, 109, 0, 0, 0, 7, 112, 117, 98, 108, 105, 115, 104, 109, 0, 0, 0, 17, 56, 54, 49, 51, 55, 55, 55, 51, 50, 50, 52, 53, 53, 95, 53, 49, 56, 106, 97, 0, 106, 100, 0, 3, 103, 101, 116>>)).
 {History,8613777322455_518,{act,publish,8613777322455_518},NIL,0,NIL,get}

 //////////////////////////SENT//////////////////////////


 Отправка сообщения
  //////////////////////////SENT//////////////////////////
 Topic:
 events/1//api/anon//
 Payload:
 rp(binary_to_term(<<131, 104, 17, 100, 0, 7, 77, 101, 115, 115, 97, 103, 101, 106, 100, 0, 5, 99, 104, 97, 105, 110, 104, 3, 100, 0, 3, 112, 50, 112, 109, 0, 0, 0, 15, 49, 50, 53, 54, 54, 48, 49, 56, 57, 56, 56, 95, 52, 52, 57, 109, 0, 0, 0, 17, 56, 54, 49, 51, 55, 55, 55, 51, 50, 50, 52, 53, 53, 95, 53, 49, 56, 106, 106, 109, 0, 0, 0, 107, 52, 48, 50, 52, 66, 67, 56, 48, 45, 52, 56, 68, 68, 45, 52, 67, 51, 57, 45, 56, 49, 66, 68, 45, 68, 65, 50, 54, 54, 66, 68, 67, 66, 66, 53, 69, 95, 56, 54, 49, 51, 55, 55, 55, 51, 50, 50, 52, 53, 53, 95, 53, 49, 56, 95, 49, 53, 51, 48, 56, 48, 49, 55, 48, 48, 55, 49, 50, 51, 55, 95, 66, 67, 66, 50, 57, 52, 49, 54, 45, 69, 69, 52, 56, 45, 52, 53, 49, 48, 45, 65, 53, 69, 54, 45, 53, 57, 67, 57, 50, 55, 66, 50, 49, 54, 48, 49, 109, 0, 0, 0, 17, 56, 54, 49, 51, 55, 55, 55, 51, 50, 50, 52, 53, 53, 95, 53, 49, 56, 109, 0, 0, 0, 15, 49, 50, 53, 54, 54, 48, 49, 56, 57, 56, 56, 95, 52, 52, 57, 110, 6, 0, 106, 63, 228, 106, 100, 1, 108, 0, 0, 0, 1, 104, 6, 100, 0, 4, 68, 101, 115, 99, 109, 0, 0, 0, 107, 52, 48, 50, 52, 66, 67, 56, 48, 45, 52, 56, 68, 68, 45, 52, 67, 51, 57, 45, 56, 49, 66, 68, 45, 68, 65, 50, 54, 54, 66, 68, 67, 66, 66, 53, 69, 95, 56, 54, 49, 51, 55, 55, 55, 51, 50, 50, 52, 53, 53, 95, 53, 49, 56, 95, 49, 53, 51, 48, 56, 48, 49, 55, 48, 48, 55, 48, 49, 57, 51, 95, 69, 66, 67, 70, 57, 65, 67, 52, 45, 68, 56, 70, 66, 45, 52, 50, 57, 56, 45, 65, 66, 48, 50, 45, 57, 52, 50, 66, 56, 54, 49, 51, 51, 69, 69, 56, 109, 0, 0, 0, 4, 116, 101, 120, 116, 109, 0, 0, 0, 12, 208, 146, 209, 128, 208, 176, 209, 135, 208, 176, 208, 188, 106, 106, 106, 106, 106, 106, 106, 108, 0, 0, 0, 0, 106, 106, 0>>)).
 {Message,NIL,chain,{p2p,12566018988_449,8613777322455_518},NIL,NIL,4024BC80-48DD-4C39-81BD-DA266BDCBB5E_8613777322455_518_153080170071237_BCB29416-EE48-4510-A5E6-59C927B21601,8613777322455_518,12566018988_449,1530801700714,{{Desc,4024BC80-48DD-4C39-81BD-DA266BDCBB5E_8613777322455_518_153080170070193_EBCF9AC4-D8FB-4298-AB02-942B86133EE8,text,Врачам,NIL,NIL}},NIL,NIL,NIL,NIL,{},NIL}

 //////////////////////////SENT//////////////////////////

 //////////////////////////RECEIVED//////////////////////////
 Topic:
 p2p/12566018988_449/8613777322455_518
 Payload:
 rp(binary_to_term(<<131, 104, 17, 100, 0, 7, 77, 101, 115, 115, 97, 103, 101, 98, 0, 0, 81, 97, 100, 0, 5, 99, 104, 97, 105, 110, 104, 3, 100, 0, 3, 112, 50, 112, 109, 0, 0, 0, 15, 49, 50, 53, 54, 54, 48, 49, 56, 57, 56, 56, 95, 52, 52, 57, 109, 0, 0, 0, 17, 56, 54, 49, 51, 55, 55, 55, 51, 50, 50, 52, 53, 53, 95, 53, 49, 56, 106, 98, 0, 0, 81, 46, 109, 0, 0, 0, 107, 52, 48, 50, 52, 66, 67, 56, 48, 45, 52, 56, 68, 68, 45, 52, 67, 51, 57, 45, 56, 49, 66, 68, 45, 68, 65, 50, 54, 54, 66, 68, 67, 66, 66, 53, 69, 95, 56, 54, 49, 51, 55, 55, 55, 51, 50, 50, 52, 53, 53, 95, 53, 49, 56, 95, 49, 53, 51, 48, 56, 48, 49, 55, 48, 48, 55, 49, 50, 51, 55, 95, 66, 67, 66, 50, 57, 52, 49, 54, 45, 69, 69, 52, 56, 45, 52, 53, 49, 48, 45, 65, 53, 69, 54, 45, 53, 57, 67, 57, 50, 55, 66, 50, 49, 54, 48, 49, 109, 0, 0, 0, 17, 56, 54, 49, 51, 55, 55, 55, 51, 50, 50, 52, 53, 53, 95, 53, 49, 56, 109, 0, 0, 0, 15, 49, 50, 53, 54, 54, 48, 49, 56, 57, 56, 56, 95, 52, 52, 57, 110, 6, 0, 106, 63, 228, 106, 100, 1, 108, 0, 0, 0, 1, 104, 6, 100, 0, 4, 68, 101, 115, 99, 109, 0, 0, 0, 107, 52, 48, 50, 52, 66, 67, 56, 48, 45, 52, 56, 68, 68, 45, 52, 67, 51, 57, 45, 56, 49, 66, 68, 45, 68, 65, 50, 54, 54, 66, 68, 67, 66, 66, 53, 69, 95, 56, 54, 49, 51, 55, 55, 55, 51, 50, 50, 52, 53, 53, 95, 53, 49, 56, 95, 49, 53, 51, 48, 56, 48, 49, 55, 48, 48, 55, 48, 49, 57, 51, 95, 69, 66, 67, 70, 57, 65, 67, 52, 45, 68, 56, 70, 66, 45, 52, 50, 57, 56, 45, 65, 66, 48, 50, 45, 57, 52, 50, 66, 56, 54, 49, 51, 51, 69, 69, 56, 109, 0, 0, 0, 4, 116, 101, 120, 116, 109, 0, 0, 0, 12, 208, 146, 209, 128, 208, 176, 209, 135, 208, 176, 208, 188, 106, 106, 106, 106, 106, 106, 106, 106, 106>>)).
 {Message,20833,chain,{p2p,12566018988_449,8613777322455_518},NIL,20782,4024BC80-48DD-4C39-81BD-DA266BDCBB5E_8613777322455_518_153080170071237_BCB29416-EE48-4510-A5E6-59C927B21601,8613777322455_518,12566018988_449,1530801700714,{{Desc,4024BC80-48DD-4C39-81BD-DA266BDCBB5E_8613777322455_518_153080170070193_EBCF9AC4-D8FB-4298-AB02-942B86133EE8,text,Врачам,NIL,NIL}},NIL,NIL,NIL,NIL,NIL,NIL}

 //////////////////////////RECEIVED//////////////////////////



 Создание группы
  //////////////////////////SENT//////////////////////////
 Topic:
 events/1//api/anon//
 Payload:
 rp(binary_to_term(<<131, 104, 18, 100, 0, 4, 82, 111, 111, 109, 109, 0, 0, 0, 107, 52, 48, 50, 52, 66, 67, 56, 48, 45, 52, 56, 68, 68, 45, 52, 67, 51, 57, 45, 56, 49, 66, 68, 45, 68, 65, 50, 54, 54, 66, 68, 67, 66, 66, 53, 69, 95, 56, 54, 49, 51, 55, 55, 55, 51, 50, 50, 52, 53, 53, 95, 53, 49, 56, 95, 49, 53, 51, 48, 56, 49, 52, 53, 48, 55, 50, 55, 49, 49, 51, 95, 51, 54, 68, 66, 48, 51, 56, 66, 45, 66, 51, 53, 67, 45, 52, 56, 52, 67, 45, 57, 69, 68, 51, 45, 54, 50, 51, 53, 51, 57, 65, 52, 66, 54, 49, 53, 109, 0, 0, 0, 10, 84, 101, 115, 116, 32, 103, 114, 111, 117, 112, 106, 106, 108, 0, 0, 0, 2, 104, 18, 100, 0, 6, 77, 101, 109, 98, 101, 114, 106, 100, 0, 5, 99, 104, 97, 105, 110, 106, 106, 106, 106, 109, 0, 0, 0, 15, 49, 50, 53, 54, 54, 48, 49, 56, 57, 56, 56, 95, 52, 52, 57, 106, 109, 0, 0, 0, 7, 65, 109, 101, 114, 105, 107, 97, 109, 0, 0, 0, 8, 65, 117, 116, 111, 116, 101, 115, 116, 109, 0, 0, 0, 2, 85, 83, 97, 0, 97, 0, 106, 106, 106, 100, 0, 6, 109, 101, 109, 98, 101, 114, 104, 18, 100, 0, 6, 77, 101, 109, 98, 101, 114, 106, 100, 0, 5, 99, 104, 97, 105, 110, 106, 106, 106, 106, 109, 0, 0, 0, 17, 56, 54, 49, 51, 55, 55, 55, 51, 50, 50, 52, 53, 53, 95, 53, 49, 56, 106, 109, 0, 0, 0, 5, 67, 104, 105, 110, 97, 109, 0, 0, 0, 8, 65, 117, 116, 111, 116, 101, 115, 116, 109, 0, 0, 0, 14, 67, 104, 105, 110, 97, 95, 65, 117, 116, 111, 116, 101, 115, 116, 97, 0, 97, 0, 106, 106, 106, 100, 0, 6, 109, 101, 109, 98, 101, 114, 106, 106, 106, 100, 0, 5, 103, 114, 111, 117, 112, 106, 106, 106, 106, 106, 106, 106, 106, 100, 0, 6, 99, 114, 101, 97, 116, 101>>)).
 {Room,4024BC80-48DD-4C39-81BD-DA266BDCBB5E_8613777322455_518_153081450727113_36DB038B-B35C-484C-9ED3-623539A4B615,Test group,NIL,NIL,{{Member,NIL,chain,NIL,NIL,NIL,NIL,12566018988_449,NIL,Amerika,Autotest,US,0,0,NIL,NIL,NIL,member},{Member,NIL,chain,NIL,NIL,NIL,NIL,8613777322455_518,NIL,China,Autotest,China_Autotest,0,0,NIL,NIL,NIL,member}},NIL,NIL,group,NIL,NIL,NIL,NIL,NIL,NIL,NIL,NIL,create}

 //////////////////////////SENT//////////////////////////


  //////////////////////////RECEIVED//////////////////////////
 Topic:
 ses/8613777322455
 Payload:
 rp(binary_to_term(<<131, 104, 18, 100, 0, 4, 82, 111, 111, 109, 109, 0, 0, 0, 107, 52, 48, 50, 52, 66, 67, 56, 48, 45, 52, 56, 68, 68, 45, 52, 67, 51, 57, 45, 56, 49, 66, 68, 45, 68, 65, 50, 54, 54, 66, 68, 67, 66, 66, 53, 69, 95, 56, 54, 49, 51, 55, 55, 55, 51, 50, 50, 52, 53, 53, 95, 53, 49, 56, 95, 49, 53, 51, 48, 56, 49, 52, 53, 48, 55, 50, 55, 49, 49, 51, 95, 51, 54, 68, 66, 48, 51, 56, 66, 45, 66, 51, 53, 67, 45, 52, 56, 52, 67, 45, 57, 69, 68, 51, 45, 54, 50, 51, 53, 51, 57, 65, 52, 66, 54, 49, 53, 109, 0, 0, 0, 10, 84, 101, 115, 116, 32, 103, 114, 111, 117, 112, 106, 106, 108, 0, 0, 0, 1, 104, 18, 100, 0, 6, 77, 101, 109, 98, 101, 114, 98, 0, 0, 5, 9, 100, 0, 5, 99, 104, 97, 105, 110, 104, 2, 100, 0, 3, 109, 117, 99, 109, 0, 0, 0, 107, 52, 48, 50, 52, 66, 67, 56, 48, 45, 52, 56, 68, 68, 45, 52, 67, 51, 57, 45, 56, 49, 66, 68, 45, 68, 65, 50, 54, 54, 66, 68, 67, 66, 66, 53, 69, 95, 56, 54, 49, 51, 55, 55, 55, 51, 50, 50, 52, 53, 53, 95, 53, 49, 56, 95, 49, 53, 51, 48, 56, 49, 52, 53, 48, 55, 50, 55, 49, 49, 51, 95, 51, 54, 68, 66, 48, 51, 56, 66, 45, 66, 51, 53, 67, 45, 52, 56, 52, 67, 45, 57, 69, 68, 51, 45, 54, 50, 51, 53, 51, 57, 65, 52, 66, 54, 49, 53, 106, 106, 106, 109, 0, 0, 0, 15, 49, 50, 53, 54, 54, 48, 49, 56, 57, 56, 56, 95, 52, 52, 57, 106, 109, 0, 0, 0, 7, 65, 109, 101, 114, 105, 107, 97, 109, 0, 0, 0, 8, 65, 117, 116, 111, 116, 101, 115, 116, 109, 0, 0, 0, 2, 85, 83, 98, 0, 0, 81, 137, 97, 0, 106, 106, 100, 0, 7, 111, 102, 102, 108, 105, 110, 101, 100, 0, 6, 109, 101, 109, 98, 101, 114, 106, 108, 0, 0, 0, 1, 104, 18, 100, 0, 6, 77, 101, 109, 98, 101, 114, 98, 0, 0, 5, 8, 100, 0, 5, 99, 104, 97, 105, 110, 104, 2, 100, 0, 3, 109, 117, 99, 109, 0, 0, 0, 107, 52, 48, 50, 52, 66, 67, 56, 48, 45, 52, 56, 68, 68, 45, 52, 67, 51, 57, 45, 56, 49, 66, 68, 45, 68, 65, 50, 54, 54, 66, 68, 67, 66, 66, 53, 69, 95, 56, 54, 49, 51, 55, 55, 55, 51, 50, 50, 52, 53, 53, 95, 53, 49, 56, 95, 49, 53, 51, 48, 56, 49, 52, 53, 48, 55, 50, 55, 49, 49, 51, 95, 51, 54, 68, 66, 48, 51, 56, 66, 45, 66, 51, 53, 67, 45, 52, 56, 52, 67, 45, 57, 69, 68, 51, 45, 54, 50, 51, 53, 51, 57, 65, 52, 66, 54, 49, 53, 106, 106, 106, 109, 0, 0, 0, 17, 56, 54, 49, 51, 55, 55, 55, 51, 50, 50, 52, 53, 53, 95, 53, 49, 56, 106, 109, 0, 0, 0, 5, 67, 104, 105, 110, 97, 109, 0, 0, 0, 8, 65, 117, 116, 111, 116, 101, 115, 116, 109, 0, 0, 0, 14, 67, 104, 105, 110, 97, 95, 65, 117, 116, 111, 116, 101, 115, 116, 98, 0, 0, 81, 137, 110, 6, 0, 17, 57, 168, 107, 100, 1, 106, 106, 100, 0, 6, 111, 110, 108, 105, 110, 101, 100, 0, 5, 97, 100, 109, 105, 110, 106, 106, 100, 0, 5, 103, 114, 111, 117, 112, 106, 106, 97, 0, 106, 106, 104, 17, 100, 0, 7, 77, 101, 115, 115, 97, 103, 101, 98, 0, 0, 81, 137, 100, 0, 5, 99, 104, 97, 105, 110, 104, 2, 100, 0, 3, 109, 117, 99, 109, 0, 0, 0, 107, 52, 48, 50, 52, 66, 67, 56, 48, 45, 52, 56, 68, 68, 45, 52, 67, 51, 57, 45, 56, 49, 66, 68, 45, 68, 65, 50, 54, 54, 66, 68, 67, 66, 66, 53, 69, 95, 56, 54, 49, 51, 55, 55, 55, 51, 50, 50, 52, 53, 53, 95, 53, 49, 56, 95, 49, 53, 51, 48, 56, 49, 52, 53, 48, 55, 50, 55, 49, 49, 51, 95, 51, 54, 68, 66, 48, 51, 56, 66, 45, 66, 51, 53, 67, 45, 52, 56, 52, 67, 45, 57, 69, 68, 51, 45, 54, 50, 51, 53, 51, 57, 65, 52, 66, 54, 49, 53, 106, 106, 106, 109, 0, 0, 0, 17, 56, 54, 49, 51, 55, 55, 55, 51, 50, 50, 52, 53, 53, 95, 53, 49, 56, 109, 0, 0, 0, 107, 52, 48, 50, 52, 66, 67, 56, 48, 45, 52, 56, 68, 68, 45, 52, 67, 51, 57, 45, 56, 49, 66, 68, 45, 68, 65, 50, 54, 54, 66, 68, 67, 66, 66, 53, 69, 95, 56, 54, 49, 51, 55, 55, 55, 51, 50, 50, 52, 53, 53, 95, 53, 49, 56, 95, 49, 53, 51, 48, 56, 49, 52, 53, 48, 55, 50, 55, 49, 49, 51, 95, 51, 54, 68, 66, 48, 51, 56, 66, 45, 66, 51, 53, 67, 45, 52, 56, 52, 67, 45, 57, 69, 68, 51, 45, 54, 50, 51, 53, 51, 57, 65, 52, 66, 54, 49, 53, 110, 6, 0, 19, 57, 168, 107, 100, 1, 108, 0, 0, 0, 1, 104, 6, 100, 0, 4, 68, 101, 115, 99, 109, 0, 0, 0, 9, 115, 114, 118, 95, 50, 48, 56, 55, 51, 109, 0, 0, 0, 4, 116, 101, 120, 116, 109, 0, 0, 0, 35, 56, 54, 49, 51, 55, 55, 55, 51, 50, 50, 52, 53, 53, 95, 53, 49, 56, 32, 99, 114, 101, 97, 116, 101, 100, 32, 116, 104, 101, 32, 103, 114, 111, 117, 112, 106, 106, 106, 108, 0, 0, 0, 1, 100, 0, 3, 115, 121, 115, 106, 106, 106, 106, 106, 106, 110, 6, 0, 19, 57, 168, 107, 100, 1, 110, 6, 0, 18, 57, 168, 107, 100, 1, 100, 0, 6, 99, 114, 101, 97, 116, 101>>)).
 {Room,4024BC80-48DD-4C39-81BD-DA266BDCBB5E_8613777322455_518_153081450727113_36DB038B-B35C-484C-9ED3-623539A4B615,Test group,NIL,NIL,{{Member,1289,chain,{muc,4024BC80-48DD-4C39-81BD-DA266BDCBB5E_8613777322455_518_153081450727113_36DB038B-B35C-484C-9ED3-623539A4B615},NIL,NIL,NIL,12566018988_449,NIL,Amerika,Autotest,US,20873,0,NIL,NIL,offline,member}},{{Member,1288,chain,{muc,4024BC80-48DD-4C39-81BD-DA266BDCBB5E_8613777322455_518_153081450727113_36DB038B-B35C-484C-9ED3-623539A4B615},NIL,NIL,NIL,8613777322455_518,NIL,China,Autotest,China_Autotest,20873,1530814544145,NIL,NIL,online,admin}},NIL,group,NIL,NIL,0,NIL,NIL,{Message,20873,chain,{muc,4024BC80-48DD-4C39-81BD-DA266BDCBB5E_8613777322455_518_153081450727113_36DB038B-B35C-484C-9ED3-623539A4B615},NIL,NIL,NIL,8613777322455_518,4024BC80-48DD-4C39-81BD-DA266BDCBB5E_8613777322455_518_153081450727113_36DB038B-B35C-484C-9ED3-623539A4B615,1530814544147,{{Desc,srv_20873,text,8613777322455_518 created the group,NIL,NIL}},{sys},NIL,NIL,NIL,NIL,NIL},1530814544147,1530814544146,create}

 //////////////////////////RECEIVED//////////////////////////

 //////////////////////////SENT//////////////////////////
 Topic:
 events/1//api/anon//
 Payload:
 rp(binary_to_term(<<131, 104, 18, 100, 0, 4, 82, 111, 111, 109, 109, 0, 0, 0, 107, 52, 48, 50, 52, 66, 67, 56, 48, 45, 52, 56, 68, 68, 45, 52, 67, 51, 57, 45, 56, 49, 66, 68, 45, 68, 65, 50, 54, 54, 66, 68, 67, 66, 66, 53, 69, 95, 56, 54, 49, 51, 55, 55, 55, 51, 50, 50, 52, 53, 53, 95, 53, 49, 56, 95, 49, 53, 51, 48, 56, 49, 52, 53, 48, 55, 50, 55, 49, 49, 51, 95, 51, 54, 68, 66, 48, 51, 56, 66, 45, 66, 51, 53, 67, 45, 52, 56, 52, 67, 45, 57, 69, 68, 51, 45, 54, 50, 51, 53, 51, 57, 65, 52, 66, 54, 49, 53, 106, 106, 106, 106, 106, 106, 100, 0, 0, 106, 106, 106, 106, 106, 106, 106, 106, 100, 0, 3, 103, 101, 116>>)).
 {Room,4024BC80-48DD-4C39-81BD-DA266BDCBB5E_8613777322455_518_153081450727113_36DB038B-B35C-484C-9ED3-623539A4B615,NIL,NIL,NIL,NIL,NIL,NIL,[],NIL,NIL,NIL,NIL,NIL,NIL,NIL,NIL,get}

 //////////////////////////SENT//////////////////////////


 //////////////////////////SENT//////////////////////////
 Topic:
 events/1//api/anon//
 Payload:
 rp(binary_to_term(<<131, 104, 7, 100, 0, 7, 72, 105, 115, 116, 111, 114, 121, 109, 0, 0, 0, 17, 56, 54, 49, 51, 55, 55, 55, 51, 50, 50, 52, 53, 53, 95, 53, 49, 56, 104, 2, 100, 0, 3, 109, 117, 99, 109, 0, 0, 0, 107, 52, 48, 50, 52, 66, 67, 56, 48, 45, 52, 56, 68, 68, 45, 52, 67, 51, 57, 45, 56, 49, 66, 68, 45, 68, 65, 50, 54, 54, 66, 68, 67, 66, 66, 53, 69, 95, 56, 54, 49, 51, 55, 55, 55, 51, 50, 50, 52, 53, 53, 95, 53, 49, 56, 95, 49, 53, 51, 48, 56, 49, 52, 53, 48, 55, 50, 55, 49, 49, 51, 95, 51, 54, 68, 66, 48, 51, 56, 66, 45, 66, 51, 53, 67, 45, 52, 56, 52, 67, 45, 57, 69, 68, 51, 45, 54, 50, 51, 53, 51, 57, 65, 52, 66, 54, 49, 53, 98, 255, 255, 255, 241, 98, 0, 0, 81, 137, 106, 100, 0, 3, 103, 101, 116>>)).
 {History,8613777322455_518,{muc,4024BC80-48DD-4C39-81BD-DA266BDCBB5E_8613777322455_518_153081450727113_36DB038B-B35C-484C-9ED3-623539A4B615},-15,20873,NIL,get}

 //////////////////////////SENT//////////////////////////


 //////////////////////////SENT//////////////////////////
 Topic:
 events/1//api/anon//
 Payload:
 rp(binary_to_term(<<131, 104, 18, 100, 0, 6, 77, 101, 109, 98, 101, 114, 98, 0, 0, 5, 8, 100, 0, 5, 99, 104, 97, 105, 110, 104, 2, 100, 0, 3, 109, 117, 99, 109, 0, 0, 0, 107, 52, 48, 50, 52, 66, 67, 56, 48, 45, 52, 56, 68, 68, 45, 52, 67, 51, 57, 45, 56, 49, 66, 68, 45, 68, 65, 50, 54, 54, 66, 68, 67, 66, 66, 53, 69, 95, 56, 54, 49, 51, 55, 55, 55, 51, 50, 50, 52, 53, 53, 95, 53, 49, 56, 95, 49, 53, 51, 48, 56, 49, 52, 53, 48, 55, 50, 55, 49, 49, 51, 95, 51, 54, 68, 66, 48, 51, 56, 66, 45, 66, 51, 53, 67, 45, 52, 56, 52, 67, 45, 57, 69, 68, 51, 45, 54, 50, 51, 53, 51, 57, 65, 52, 66, 54, 49, 53, 106, 106, 106, 109, 0, 0, 0, 17, 56, 54, 49, 51, 55, 55, 55, 51, 50, 50, 52, 53, 53, 95, 53, 49, 56, 106, 109, 0, 0, 0, 5, 67, 104, 105, 110, 97, 109, 0, 0, 0, 8, 65, 117, 116, 111, 116, 101, 115, 116, 109, 0, 0, 0, 14, 67, 104, 105, 110, 97, 95, 65, 117, 116, 111, 116, 101, 115, 116, 98, 0, 0, 81, 137, 97, 0, 108, 0, 0, 0, 1, 104, 5, 100, 0, 7, 70, 101, 97, 116, 117, 114, 101, 109, 0, 0, 0, 68, 52, 48, 50, 52, 66, 67, 56, 48, 45, 52, 56, 68, 68, 45, 52, 67, 51, 57, 45, 56, 49, 66, 68, 45, 68, 65, 50, 54, 54, 66, 68, 67, 66, 66, 53, 69, 95, 56, 54, 49, 51, 55, 55, 55, 51, 50, 50, 52, 53, 53, 95, 53, 49, 56, 95, 67, 72, 65, 84, 95, 76, 65, 78, 71, 85, 65, 71, 69, 109, 0, 0, 0, 13, 67, 72, 65, 84, 95, 76, 65, 78, 71, 85, 65, 71, 69, 109, 0, 0, 0, 10, 69, 110, 103, 108, 105, 115, 104, 58, 101, 110, 109, 0, 0, 0, 16, 76, 65, 78, 71, 85, 65, 71, 69, 95, 83, 69, 84, 84, 73, 78, 71, 106, 106, 106, 100, 0, 5, 112, 97, 116, 99, 104>>)).
 {Member,1288,chain,{muc,4024BC80-48DD-4C39-81BD-DA266BDCBB5E_8613777322455_518_153081450727113_36DB038B-B35C-484C-9ED3-623539A4B615},NIL,NIL,NIL,8613777322455_518,NIL,China,Autotest,China_Autotest,20873,0,{{Feature,4024BC80-48DD-4C39-81BD-DA266BDCBB5E_8613777322455_518_CHAT_LANGUAGE,CHAT_LANGUAGE,English:en,LANGUAGE_SETTING}},NIL,NIL,patch}

 //////////////////////////SENT//////////////////////////


 //////////////////////////RECEIVED//////////////////////////
 Topic:
 actions/1/api/emqttd_4024BC80-48DD-4C39-81BD-DA266BDCBB5E
 Payload:
 rp(binary_to_term(<<131, 104, 18, 100, 0, 4, 82, 111, 111, 109, 109, 0, 0, 0, 107, 52, 48, 50, 52, 66, 67, 56, 48, 45, 52, 56, 68, 68, 45, 52, 67, 51, 57, 45, 56, 49, 66, 68, 45, 68, 65, 50, 54, 54, 66, 68, 67, 66, 66, 53, 69, 95, 56, 54, 49, 51, 55, 55, 55, 51, 50, 50, 52, 53, 53, 95, 53, 49, 56, 95, 49, 53, 51, 48, 56, 49, 52, 53, 48, 55, 50, 55, 49, 49, 51, 95, 51, 54, 68, 66, 48, 51, 56, 66, 45, 66, 51, 53, 67, 45, 52, 56, 52, 67, 45, 57, 69, 68, 51, 45, 54, 50, 51, 53, 51, 57, 65, 52, 66, 54, 49, 53, 109, 0, 0, 0, 10, 84, 101, 115, 116, 32, 103, 114, 111, 117, 112, 106, 106, 108, 0, 0, 0, 1, 104, 18, 100, 0, 6, 77, 101, 109, 98, 101, 114, 98, 0, 0, 5, 9, 100, 0, 5, 99, 104, 97, 105, 110, 104, 2, 100, 0, 3, 109, 117, 99, 109, 0, 0, 0, 107, 52, 48, 50, 52, 66, 67, 56, 48, 45, 52, 56, 68, 68, 45, 52, 67, 51, 57, 45, 56, 49, 66, 68, 45, 68, 65, 50, 54, 54, 66, 68, 67, 66, 66, 53, 69, 95, 56, 54, 49, 51, 55, 55, 55, 51, 50, 50, 52, 53, 53, 95, 53, 49, 56, 95, 49, 53, 51, 48, 56, 49, 52, 53, 48, 55, 50, 55, 49, 49, 51, 95, 51, 54, 68, 66, 48, 51, 56, 66, 45, 66, 51, 53, 67, 45, 52, 56, 52, 67, 45, 57, 69, 68, 51, 45, 54, 50, 51, 53, 51, 57, 65, 52, 66, 54, 49, 53, 98, 0, 0, 5, 8, 106, 106, 109, 0, 0, 0, 15, 49, 50, 53, 54, 54, 48, 49, 56, 57, 56, 56, 95, 52, 52, 57, 106, 109, 0, 0, 0, 7, 65, 109, 101, 114, 105, 107, 97, 109, 0, 0, 0, 8, 65, 117, 116, 111, 116, 101, 115, 116, 109, 0, 0, 0, 2, 85, 83, 97, 0, 97, 0, 106, 106, 100, 0, 7, 111, 102, 102, 108, 105, 110, 101, 100, 0, 6, 109, 101, 109, 98, 101, 114, 106, 108, 0, 0, 0, 1, 104, 18, 100, 0, 6, 77, 101, 109, 98, 101, 114, 98, 0, 0, 5, 8, 100, 0, 5, 99, 104, 97, 105, 110, 104, 2, 100, 0, 3, 109, 117, 99, 109, 0, 0, 0, 107, 52, 48, 50, 52, 66, 67, 56, 48, 45, 52, 56, 68, 68, 45, 52, 67, 51, 57, 45, 56, 49, 66, 68, 45, 68, 65, 50, 54, 54, 66, 68, 67, 66, 66, 53, 69, 95, 56, 54, 49, 51, 55, 55, 55, 51, 50, 50, 52, 53, 53, 95, 53, 49, 56, 95, 49, 53, 51, 48, 56, 49, 52, 53, 48, 55, 50, 55, 49, 49, 51, 95, 51, 54, 68, 66, 48, 51, 56, 66, 45, 66, 51, 53, 67, 45, 52, 56, 52, 67, 45, 57, 69, 68, 51, 45, 54, 50, 51, 53, 51, 57, 65, 52, 66, 54, 49, 53, 106, 98, 0, 0, 5, 9, 106, 109, 0, 0, 0, 17, 56, 54, 49, 51, 55, 55, 55, 51, 50, 50, 52, 53, 53, 95, 53, 49, 56, 106, 109, 0, 0, 0, 5, 67, 104, 105, 110, 97, 109, 0, 0, 0, 8, 65, 117, 116, 111, 116, 101, 115, 116, 109, 0, 0, 0, 14, 67, 104, 105, 110, 97, 95, 65, 117, 116, 111, 116, 101, 115, 116, 98, 0, 0, 81, 137, 110, 6, 0, 17, 57, 168, 107, 100, 1, 106, 106, 100, 0, 6, 111, 110, 108, 105, 110, 101, 100, 0, 5, 97, 100, 109, 105, 110, 106, 106, 100, 0, 5, 103, 114, 111, 117, 112, 106, 106, 97, 0, 106, 106, 106, 110, 6, 0, 19, 57, 168, 107, 100, 1, 110, 6, 0, 18, 57, 168, 107, 100, 1, 100, 0, 3, 103, 101, 116>>)).
 {Room,4024BC80-48DD-4C39-81BD-DA266BDCBB5E_8613777322455_518_153081450727113_36DB038B-B35C-484C-9ED3-623539A4B615,Test group,NIL,NIL,{{Member,1289,chain,{muc,4024BC80-48DD-4C39-81BD-DA266BDCBB5E_8613777322455_518_153081450727113_36DB038B-B35C-484C-9ED3-623539A4B615},1288,NIL,NIL,12566018988_449,NIL,Amerika,Autotest,US,0,0,NIL,NIL,offline,member}},{{Member,1288,chain,{muc,4024BC80-48DD-4C39-81BD-DA266BDCBB5E_8613777322455_518_153081450727113_36DB038B-B35C-484C-9ED3-623539A4B615},NIL,1289,NIL,8613777322455_518,NIL,China,Autotest,China_Autotest,20873,1530814544145,NIL,NIL,online,admin}},NIL,group,NIL,NIL,0,NIL,NIL,NIL,1530814544147,1530814544146,get}

 //////////////////////////RECEIVED//////////////////////////


 //////////////////////////RECEIVED//////////////////////////
 Topic:
 actions/1/api/emqttd_4024BC80-48DD-4C39-81BD-DA266BDCBB5E
 Payload:
 rp(binary_to_term(<<131, 104, 7, 100, 0, 7, 72, 105, 115, 116, 111, 114, 121, 109, 0, 0, 0, 17, 56, 54, 49, 51, 55, 55, 55, 51, 50, 50, 52, 53, 53, 95, 53, 49, 56, 104, 2, 100, 0, 3, 109, 117, 99, 109, 0, 0, 0, 107, 52, 48, 50, 52, 66, 67, 56, 48, 45, 52, 56, 68, 68, 45, 52, 67, 51, 57, 45, 56, 49, 66, 68, 45, 68, 65, 50, 54, 54, 66, 68, 67, 66, 66, 53, 69, 95, 56, 54, 49, 51, 55, 55, 55, 51, 50, 50, 52, 53, 53, 95, 53, 49, 56, 95, 49, 53, 51, 48, 56, 49, 52, 53, 48, 55, 50, 55, 49, 49, 51, 95, 51, 54, 68, 66, 48, 51, 56, 66, 45, 66, 51, 53, 67, 45, 52, 56, 52, 67, 45, 57, 69, 68, 51, 45, 54, 50, 51, 53, 51, 57, 65, 52, 66, 54, 49, 53, 98, 255, 255, 255, 241, 98, 0, 0, 81, 137, 108, 0, 0, 0, 1, 104, 17, 100, 0, 7, 77, 101, 115, 115, 97, 103, 101, 98, 0, 0, 81, 137, 100, 0, 5, 99, 104, 97, 105, 110, 104, 2, 100, 0, 3, 109, 117, 99, 109, 0, 0, 0, 107, 52, 48, 50, 52, 66, 67, 56, 48, 45, 52, 56, 68, 68, 45, 52, 67, 51, 57, 45, 56, 49, 66, 68, 45, 68, 65, 50, 54, 54, 66, 68, 67, 66, 66, 53, 69, 95, 56, 54, 49, 51, 55, 55, 55, 51, 50, 50, 52, 53, 53, 95, 53, 49, 56, 95, 49, 53, 51, 48, 56, 49, 52, 53, 48, 55, 50, 55, 49, 49, 51, 95, 51, 54, 68, 66, 48, 51, 56, 66, 45, 66, 51, 53, 67, 45, 52, 56, 52, 67, 45, 57, 69, 68, 51, 45, 54, 50, 51, 53, 51, 57, 65, 52, 66, 54, 49, 53, 106, 106, 106, 109, 0, 0, 0, 17, 56, 54, 49, 51, 55, 55, 55, 51, 50, 50, 52, 53, 53, 95, 53, 49, 56, 109, 0, 0, 0, 107, 52, 48, 50, 52, 66, 67, 56, 48, 45, 52, 56, 68, 68, 45, 52, 67, 51, 57, 45, 56, 49, 66, 68, 45, 68, 65, 50, 54, 54, 66, 68, 67, 66, 66, 53, 69, 95, 56, 54, 49, 51, 55, 55, 55, 51, 50, 50, 52, 53, 53, 95, 53, 49, 56, 95, 49, 53, 51, 48, 56, 49, 52, 53, 48, 55, 50, 55, 49, 49, 51, 95, 51, 54, 68, 66, 48, 51, 56, 66, 45, 66, 51, 53, 67, 45, 52, 56, 52, 67, 45, 57, 69, 68, 51, 45, 54, 50, 51, 53, 51, 57, 65, 52, 66, 54, 49, 53, 110, 6, 0, 19, 57, 168, 107, 100, 1, 108, 0, 0, 0, 1, 104, 6, 100, 0, 4, 68, 101, 115, 99, 109, 0, 0, 0, 9, 115, 114, 118, 95, 50, 48, 56, 55, 51, 109, 0, 0, 0, 4, 116, 101, 120, 116, 109, 0, 0, 0, 35, 56, 54, 49, 51, 55, 55, 55, 51, 50, 50, 52, 53, 53, 95, 53, 49, 56, 32, 99, 114, 101, 97, 116, 101, 100, 32, 116, 104, 101, 32, 103, 114, 111, 117, 112, 106, 106, 106, 108, 0, 0, 0, 1, 100, 0, 3, 115, 121, 115, 106, 106, 106, 106, 106, 106, 106, 100, 0, 3, 103, 101, 116>>)).
 {History,8613777322455_518,{muc,4024BC80-48DD-4C39-81BD-DA266BDCBB5E_8613777322455_518_153081450727113_36DB038B-B35C-484C-9ED3-623539A4B615},-15,20873,{{Message,20873,chain,{muc,4024BC80-48DD-4C39-81BD-DA266BDCBB5E_8613777322455_518_153081450727113_36DB038B-B35C-484C-9ED3-623539A4B615},NIL,NIL,NIL,8613777322455_518,4024BC80-48DD-4C39-81BD-DA266BDCBB5E_8613777322455_518_153081450727113_36DB038B-B35C-484C-9ED3-623539A4B615,1530814544147,{{Desc,srv_20873,text,8613777322455_518 created the group,NIL,NIL}},{sys},NIL,NIL,NIL,NIL,NIL}},get}

 //////////////////////////RECEIVED//////////////////////////


 //////////////////////////RECEIVED//////////////////////////
 Topic:
 room/4024BC80-48DD-4C39-81BD-DA266BDCBB5E_8613777322455_518_153081450727113_36DB038B-B35C-484C-9ED3-623539A4B615
 Payload:
 rp(binary_to_term(<<131, 104, 18, 100, 0, 6, 77, 101, 109, 98, 101, 114, 98, 0, 0, 5, 8, 100, 0, 5, 99, 104, 97, 105, 110, 104, 2, 100, 0, 3, 109, 117, 99, 109, 0, 0, 0, 107, 52, 48, 50, 52, 66, 67, 56, 48, 45, 52, 56, 68, 68, 45, 52, 67, 51, 57, 45, 56, 49, 66, 68, 45, 68, 65, 50, 54, 54, 66, 68, 67, 66, 66, 53, 69, 95, 56, 54, 49, 51, 55, 55, 55, 51, 50, 50, 52, 53, 53, 95, 53, 49, 56, 95, 49, 53, 51, 48, 56, 49, 52, 53, 48, 55, 50, 55, 49, 49, 51, 95, 51, 54, 68, 66, 48, 51, 56, 66, 45, 66, 51, 53, 67, 45, 52, 56, 52, 67, 45, 57, 69, 68, 51, 45, 54, 50, 51, 53, 51, 57, 65, 52, 66, 54, 49, 53, 106, 98, 0, 0, 5, 9, 106, 109, 0, 0, 0, 17, 56, 54, 49, 51, 55, 55, 55, 51, 50, 50, 52, 53, 53, 95, 53, 49, 56, 106, 109, 0, 0, 0, 5, 67, 104, 105, 110, 97, 109, 0, 0, 0, 8, 65, 117, 116, 111, 116, 101, 115, 116, 109, 0, 0, 0, 14, 67, 104, 105, 110, 97, 95, 65, 117, 116, 111, 116, 101, 115, 116, 106, 110, 6, 0, 236, 60, 168, 107, 100, 1, 108, 0, 0, 0, 1, 104, 5, 100, 0, 7, 70, 101, 97, 116, 117, 114, 101, 109, 0, 0, 0, 68, 52, 48, 50, 52, 66, 67, 56, 48, 45, 52, 56, 68, 68, 45, 52, 67, 51, 57, 45, 56, 49, 66, 68, 45, 68, 65, 50, 54, 54, 66, 68, 67, 66, 66, 53, 69, 95, 56, 54, 49, 51, 55, 55, 55, 51, 50, 50, 52, 53, 53, 95, 53, 49, 56, 95, 67, 72, 65, 84, 95, 76, 65, 78, 71, 85, 65, 71, 69, 109, 0, 0, 0, 13, 67, 72, 65, 84, 95, 76, 65, 78, 71, 85, 65, 71, 69, 109, 0, 0, 0, 10, 69, 110, 103, 108, 105, 115, 104, 58, 101, 110, 109, 0, 0, 0, 16, 76, 65, 78, 71, 85, 65, 71, 69, 95, 83, 69, 84, 84, 73, 78, 71, 106, 106, 106, 100, 0, 5, 112, 97, 116, 99, 104>>)).
 {Member,1288,chain,{muc,4024BC80-48DD-4C39-81BD-DA266BDCBB5E_8613777322455_518_153081450727113_36DB038B-B35C-484C-9ED3-623539A4B615},NIL,1289,NIL,8613777322455_518,NIL,China,Autotest,China_Autotest,NIL,1530814545132,{{Feature,4024BC80-48DD-4C39-81BD-DA266BDCBB5E_8613777322455_518_CHAT_LANGUAGE,CHAT_LANGUAGE,English:en,LANGUAGE_SETTING}},NIL,NIL,patch}

 //////////////////////////RECEIVED//////////////////////////


Анбан пользователя

SENT
 Topic:
 events/1//api/anon//
 {Friend,8613777322455_544,12566018988_541,{},unban}
 Payload:
 rp(binary_to_term(<<131, 104, 5, 100, 0, 6, 70, 114, 105, 101, 110, 100, 109, 0, 0, 0, 17, 56, 54, 49, 51, 55, 55, 55, 51, 50, 50, 52, 53, 53, 95, 53, 52, 52, 109, 0, 0, 0, 15, 49, 50, 53, 54, 54, 48, 49, 56, 57, 56, 56, 95, 53, 52, 49, 108, 0, 0, 0, 0, 106, 100, 0, 5, 117, 110, 98, 97, 110>>)).

SENT

RECEIVED
 Topic:
 actions/1/api/emqttd_46E9AE50-BE29-4F26-994D-4A4FCC693A3A
 {io,{ok,added},{ok,added}}
 Payload:
 rp(binary_to_term(<<131, 104, 3, 100, 0, 2, 105, 111, 104, 2, 100, 0, 2, 111, 107, 100, 0, 5, 97, 100, 100, 101, 100, 104, 2, 100, 0, 2, 111, 107, 100, 0, 5, 97, 100, 100, 101, 100>>)).

RECEIVED

RECEIVED
 Topic:
 ses/8613777322455
 {Contact,12566018988_541,https://s3-us-west-2.amazonaws.com/nynja-defaults/Image_153355731671971_047BF3FD-B3FD-4111-9353-C3ED84678AC91533557316.jpg,America,Autotest,US,{0,19757},0,NIL,1533802121699,0,{{Feature,6FC59A00-6076-4AA8-B109-52ECF287C498_8613777322455_544_CHAT_LANGUAGE_F42E0F34-0D18-4BAD-9D35-938F2ACE9A1E,CHAT_LANGUAGE,English:en,LANGUAGE_SETTING}},NIL,offline,friend}
 Payload:
 rp(binary_to_term(<<131, 104, 15, 100, 0, 7, 67, 111, 110, 116, 97, 99, 116, 109, 0, 0, 0, 15, 49, 50, 53, 54, 54, 48, 49, 56, 57, 56, 56, 95, 53, 52, 49, 109, 0, 0, 0, 122, 104, 116, 116, 112, 115, 58, 47, 47, 115, 51, 45, 117, 115, 45, 119, 101, 115, 116, 45, 50, 46, 97, 109, 97, 122, 111, 110, 97, 119, 115, 46, 99, 111, 109, 47, 110, 121, 110, 106, 97, 45, 100, 101, 102, 97, 117, 108, 116, 115, 47, 73, 109, 97, 103, 101, 95, 49, 53, 51, 51, 53, 53, 55, 51, 49, 54, 55, 49, 57, 55, 49, 95, 48, 52, 55, 66, 70, 51, 70, 68, 45, 66, 51, 70, 68, 45, 52, 49, 49, 49, 45, 57, 51, 53, 51, 45, 67, 51, 69, 68, 56, 52, 54, 55, 56, 65, 67, 57, 49, 53, 51, 51, 53, 53, 55, 51, 49, 54, 46, 106, 112, 103, 109, 0, 0, 0, 7, 65, 109, 101, 114, 105, 99, 97, 109, 0, 0, 0, 8, 65, 117, 116, 111, 116, 101, 115, 116, 109, 0, 0, 0, 2, 85, 83, 108, 0, 0, 0, 2, 97, 0, 98, 0, 0, 77, 45, 106, 97, 0, 106, 110, 6, 0, 227, 9, 187, 29, 101, 1, 97, 0, 108, 0, 0, 0, 1, 104, 5, 100, 0, 7, 70, 101, 97, 116, 117, 114, 101, 109, 0, 0, 0, 105, 54, 70, 67, 53, 57, 65, 48, 48, 45, 54, 48, 55, 54, 45, 52, 65, 65, 56, 45, 66, 49, 48, 57, 45, 53, 50, 69, 67, 70, 50, 56, 55, 67, 52, 57, 56, 95, 56, 54, 49, 51, 55, 55, 55, 51, 50, 50, 52, 53, 53, 95, 53, 52, 52, 95, 67, 72, 65, 84, 95, 76, 65, 78, 71, 85, 65, 71, 69, 95, 70, 52, 50, 69, 48, 70, 51, 52, 45, 48, 68, 49, 56, 45, 52, 66, 65, 68, 45, 57, 68, 51, 53, 45, 57, 51, 56, 70, 50, 65, 67, 69, 57, 65, 49, 69, 109, 0, 0, 0, 13, 67, 72, 65, 84, 95, 76, 65, 78, 71, 85, 65, 71, 69, 109, 0, 0, 0, 10, 69, 110, 103, 108, 105, 115, 104, 58, 101, 110, 109, 0, 0, 0, 16, 76, 65, 78, 71, 85, 65, 71, 69, 95, 83, 69, 84, 84, 73, 78, 71, 106, 106, 100, 0, 7, 111, 102, 102, 108, 105, 110, 101, 100, 0, 6, 102, 114, 105, 101, 110, 100>>)).

RECEIVED


Бан пользователя

SENT
 Topic:
 events/1//api/anon//
 {Friend,8613777322455_544,12566018988_541,{},ban}
 Payload:
 rp(binary_to_term(<<131, 104, 5, 100, 0, 6, 70, 114, 105, 101, 110, 100, 109, 0, 0, 0, 17, 56, 54, 49, 51, 55, 55, 55, 51, 50, 50, 52, 53, 53, 95, 53, 52, 52, 109, 0, 0, 0, 15, 49, 50, 53, 54, 54, 48, 49, 56, 57, 56, 56, 95, 53, 52, 49, 108, 0, 0, 0, 0, 106, 100, 0, 3, 98, 97, 110>>)).

SENT

RECEIVED
 Topic:
 ses/8613777322455
 {Contact,12566018988_541,https://s3-us-west-2.amazonaws.com/nynja-defaults/Image_153355731671971_047BF3FD-B3FD-4111-9353-C3ED84678AC91533557316.jpg,America,Autotest,US,{0,19757},0,NIL,1533802121699,0,{{Feature,6FC59A00-6076-4AA8-B109-52ECF287C498_8613777322455_544_CHAT_LANGUAGE_F42E0F34-0D18-4BAD-9D35-938F2ACE9A1E,CHAT_LANGUAGE,English:en,LANGUAGE_SETTING}},NIL,offline,banned}
 Payload:
 rp(binary_to_term(<<131, 104, 15, 100, 0, 7, 67, 111, 110, 116, 97, 99, 116, 109, 0, 0, 0, 15, 49, 50, 53, 54, 54, 48, 49, 56, 57, 56, 56, 95, 53, 52, 49, 109, 0, 0, 0, 122, 104, 116, 116, 112, 115, 58, 47, 47, 115, 51, 45, 117, 115, 45, 119, 101, 115, 116, 45, 50, 46, 97, 109, 97, 122, 111, 110, 97, 119, 115, 46, 99, 111, 109, 47, 110, 121, 110, 106, 97, 45, 100, 101, 102, 97, 117, 108, 116, 115, 47, 73, 109, 97, 103, 101, 95, 49, 53, 51, 51, 53, 53, 55, 51, 49, 54, 55, 49, 57, 55, 49, 95, 48, 52, 55, 66, 70, 51, 70, 68, 45, 66, 51, 70, 68, 45, 52, 49, 49, 49, 45, 57, 51, 53, 51, 45, 67, 51, 69, 68, 56, 52, 54, 55, 56, 65, 67, 57, 49, 53, 51, 51, 53, 53, 55, 51, 49, 54, 46, 106, 112, 103, 109, 0, 0, 0, 7, 65, 109, 101, 114, 105, 99, 97, 109, 0, 0, 0, 8, 65, 117, 116, 111, 116, 101, 115, 116, 109, 0, 0, 0, 2, 85, 83, 108, 0, 0, 0, 2, 97, 0, 98, 0, 0, 77, 45, 106, 97, 0, 106, 110, 6, 0, 227, 9, 187, 29, 101, 1, 97, 0, 108, 0, 0, 0, 1, 104, 5, 100, 0, 7, 70, 101, 97, 116, 117, 114, 101, 109, 0, 0, 0, 105, 54, 70, 67, 53, 57, 65, 48, 48, 45, 54, 48, 55, 54, 45, 52, 65, 65, 56, 45, 66, 49, 48, 57, 45, 53, 50, 69, 67, 70, 50, 56, 55, 67, 52, 57, 56, 95, 56, 54, 49, 51, 55, 55, 55, 51, 50, 50, 52, 53, 53, 95, 53, 52, 52, 95, 67, 72, 65, 84, 95, 76, 65, 78, 71, 85, 65, 71, 69, 95, 70, 52, 50, 69, 48, 70, 51, 52, 45, 48, 68, 49, 56, 45, 52, 66, 65, 68, 45, 57, 68, 51, 53, 45, 57, 51, 56, 70, 50, 65, 67, 69, 57, 65, 49, 69, 109, 0, 0, 0, 13, 67, 72, 65, 84, 95, 76, 65, 78, 71, 85, 65, 71, 69, 109, 0, 0, 0, 10, 69, 110, 103, 108, 105, 115, 104, 58, 101, 110, 109, 0, 0, 0, 16, 76, 65, 78, 71, 85, 65, 71, 69, 95, 83, 69, 84, 84, 73, 78, 71, 106, 106, 100, 0, 7, 111, 102, 102, 108, 105, 110, 101, 100, 0, 6, 98, 97, 110, 110, 101, 100>>)).

RECEIVED

RECEIVED
 Topic:
 actions/1/api/emqttd_46E9AE50-BE29-4F26-994D-4A4FCC693A3A
 {io,{ok,added},{ok,added}}
 Payload:
 rp(binary_to_term(<<131, 104, 3, 100, 0, 2, 105, 111, 104, 2, 100, 0, 2, 111, 107, 100, 0, 5, 97, 100, 100, 101, 100, 104, 2, 100, 0, 2, 111, 107, 100, 0, 5, 97, 100, 100, 101, 100>>)).

RECEIVED


Игнорирование запроса дружбы

SENT
 Topic:
 events/1//api/anon//
 {Friend,8613777322455_544,819036705059_556,{},ignore}
 Payload:
 rp(binary_to_term(<<131, 104, 5, 100, 0, 6, 70, 114, 105, 101, 110, 100, 109, 0, 0, 0, 17, 56, 54, 49, 51, 55, 55, 55, 51, 50, 50, 52, 53, 53, 95, 53, 52, 52, 109, 0, 0, 0, 16, 56, 49, 57, 48, 51, 54, 55, 48, 53, 48, 53, 57, 95, 53, 53, 54, 108, 0, 0, 0, 0, 106, 100, 0, 6, 105, 103, 110, 111, 114, 101>>)).

SENT


RECEIVED
 Topic:
 ses/8613777322455
 {Contact,819036705059_556,NIL,Япония,Ванлав,NIL,0,0,NIL,1533805508892,1533805623881,NIL,NIL,online,ignore}
 Payload:
 rp(binary_to_term(<<131, 104, 15, 100, 0, 7, 67, 111, 110, 116, 97, 99, 116, 109, 0, 0, 0, 16, 56, 49, 57, 48, 51, 54, 55, 48, 53, 48, 53, 57, 95, 53, 53, 54, 106, 109, 0, 0, 0, 12, 208, 175, 208, 191, 208, 190, 208, 189, 208, 184, 209, 143, 109, 0, 0, 0, 12, 208, 146, 208, 176, 208, 189, 208, 187, 208, 176, 208, 178, 106, 97, 0, 97, 0, 106, 110, 6, 0, 28, 185, 238, 29, 101, 1, 110, 6, 0, 73, 122, 240, 29, 101, 1, 106, 106, 100, 0, 6, 111, 110, 108, 105, 110, 101, 100, 0, 6, 105, 103, 110, 111, 114, 101>>)).

RECEIVED


Группа с фото
{Room,57E8DDC7-1D7D-4407-9EB0-444BB805EA72_12566018988_776_153614874711235_E9510814-8844-4D5B-8257-22AA62A85140,Рдалвш,{},NIL,NIL,{{Member,NIL,chain,NIL,NIL,NIL,NIL,8613777322455_777,NIL,China,Autotest,China_Autotest,0,0,NIL,NIL,NIL,member}},{{Member,NIL,chain,NIL,NIL,NIL,NIL,12566018988_776,NIL,America,Autotest,America_Autotest,0,0,NIL,NIL,NIL,admin}},{{Desc,57E8DDC7-1D7D-4407-9EB0-444BB805EA72_12566018988_776_153614877304403_3EEF4E83-CBF0-4C33-A1FC-79CFC8C0C2EB,image,https://s3-us-west-2.amazonaws.com/nynja-defaults/Image_153614875456255_797B5C69-18CF-4C36-A549-AE11A6C80D6D.jpg,NIL,NIL}},group,NIL,NIL,NIL,NIL,NIL,NIL,NIL,NIL,create}


Отправка войс сообщения
(Atom('Message'), [], Atom('chain'), (Atom('p2p'), b'380998681837_437', b'8613777322455_777'), [], [], b'6BB6C217-A628-4C2C-99F8-A59FF9B07674_8613777322455_777_153631532377317_8BEBD028-D3FE-4ABE-A4EF-FA67CF46E12A', b'8613777322455_777', b'380998681837_437', 1536315323773, [(Atom('Desc'), b'6BB6C217-A628-4C2C-99F8-A59FF9B07674_8613777322455_777_153631532377181_640B7E4B-576B-4713-81AD-994B32EBB85A', b'audio', b'https://s3-us-west-2.amazonaws.com/nynja-defaults/voice_153631528397562_87865ECC-7157-42A8-B16E-7344D23667DD.m4a', [], [(Atom('Feature'), b'6BB6C217-A628-4C2C-99F8-A59FF9B07674_8613777322455_777_duration_8368BD20-0725-40F1-B679-8641DC5592B1_153631532376920', b'DURATION', b'5000', b'FILE_DATA'), (Atom('Feature'), b'6BB6C217-A628-4C2C-99F8-A59FF9B07674_8613777322455_777_info_C996B373-42CD-4C1B-A3D7-E53A7DB6D0E4_153631532377008', b'INFO', b'[0.00694619, 0.00598051, 0.00640373, 0.00411694, 0.00376302, 0.00385633, 0.00388491, 0.00562793, 0.00556369, 0.00590717, 0.00427526, 0.00305555, 0.00245941, 0.00367912, 0.0020681, 0.00200623, 0.00172327, 0.00153149, 0.00197051, 0.00254462, 0.00124885, 0.0190442, 0.0110677, 0.00437577, 0.0332922, 0.0111691, 0.00486005, 0.00158101, 0.0013417, 0.00131789, 0.00140617, 0.00129963, 0.00131394, 0.00181012, 0.0018368, 0.00159087, 0.00116367, 0.00132543, 0.00125508, 0.00166154, 0.00189293, 0.00109495, 0.00113848, 0.00128676, 0.00201494, 0.00321521, 0.00129334, 0.00115214, 0.00152102, 0.00297446, 0.00526876, 0.00282387, 0.00194889, 0.0026418, 0.00224314, 0.00122276, 0.00119336, 0.000969137, 0.000954979, 0.0010043, 0.00112306, 0.00074907, 0.00112774, 0.00106222, 0.00108591, 0.00102118, 0.00108384, 0.00132377, 0.00195076, 0.00223557, 0.00235106, 0.00229124, 0.0017405, 0.00125239, 0.000841596, 0.000576772, 0.000592627, 0.000601461, 0.000991837, 0.00103431, 0.00111168, 0.000606259, 0.000560362, 0.000567207, 0.000628491, 0.000589819, 0.000622787, 0.000529032, 0.000557232, 0.000599589, 0.000763404, 0.000702032, 0.000524995, 0.000689804, 0.00060228, 0.000614362, 0.0021555, 1.0, 0.462762, 0.18173]', b'FILE_DATA'), (Atom('Feature'), b'6BB6C217-A628-4C2C-99F8-A59FF9B07674_8613777322455_777_language_A809409D-788A-4946-B1AC-78BB6FDA238B_153631532377081', b'LANGUAGE', b'en', b'FILE_DATA')])], [], [], [], [], [], [])


Отправка медиа сообщения
(Atom('Message'), [], Atom('chain'), (Atom('p2p'), b'8613777322455_655', b'8613777322455_655'), [], [], b'2EC12976-9521-48E7-9898-D1CE304CD34F_8613777322455_655_153657407374421_224CEE0E-AECA-4B0B-87A5-8186BA0333F5', b'8613777322455_655', b'8613777322455_655', 1536574073744, [(Atom('Desc'), b'2EC12976-9521-48E7-9898-D1CE304CD34F_8613777322455_655_153657407374105_E71A4476-B02B-4CFF-903E-A0698AD4FEC3', b'thumb', b'https://s3-us-west-2.amazonaws.com/nynja-defaults/thumb_153657407372743_9B03C956-E679-4541-BE9A-86A710290131.jpg', [], [(Atom('Feature'), b'2EC12976-9521-48E7-9898-D1CE304CD34F_8613777322455_655_size_31E96AB9-A4DB-4538-B93B-3987C24D3FC5_153657407840657', b'SIZE', b'64575', b'FILE_DATA'), (Atom('Feature'), b'2EC12976-9521-48E7-9898-D1CE304CD34F_8613777322455_655_filename_D185367A-5103-404F-B51A-7C89F99C738B_153657407840569', b'FILENAME', b'thumb_153657407372743_9B03C956-E679-4541-BE9A-86A710290131.jpg', b'FILE_DATA'), (Atom('Feature'), b'2EC12976-9521-48E7-9898-D1CE304CD34F_8613777322455_655_resolution_1074DE19-A186-4D7D-8719-BC439C15D4AC_153657407374066', b'RESOLUTION', b'256:171', b'FILE_DATA')]), (Atom('Desc'), b'2EC12976-9521-48E7-9898-D1CE304CD34F_8613777322455_655_153657407374338_E08E9819-5B59-445B-8D29-D216C6EF2F11', b'image', b'https://s3-us-west-2.amazonaws.com/nynja-defaults/Image_153657407297462_43D6E453-C348-4D6C-A078-533D118C34E7.jpg', [], [(Atom('Feature'), b'2EC12976-9521-48E7-9898-D1CE304CD34F_8613777322455_655_size_52A32950-2153-44BA-8024-1DFE7C30947F_153657407957488', b'SIZE', b'198888', b'FILE_DATA'), (Atom('Feature'), b'2EC12976-9521-48E7-9898-D1CE304CD34F_8613777322455_655_filename_063C38BB-3309-4ED6-85A1-941BB0A798BE_153657407957437', b'FILENAME', b'Image_153657407297462_43D6E453-C348-4D6C-A078-533D118C34E7.jpg', b'FILE_DATA'), (Atom('Feature'), b'2EC12976-9521-48E7-9898-D1CE304CD34F_8613777322455_655_resolution_4DCEA962-CF76-4EF6-9577-A684B08B6399_153657407374297', b'RESOLUTION', b'1500:1001', b'FILE_DATA')])], [], [], [], [], [], [])
